AABB17398243038876363021.ObjectID=17398243038876363021
GameObject5538012753742997164.B_Type_1=AABB
BoxRenderer8677801055241672278.ObjectID=8677801055241672278
RectangleBlock7518804261055369690.ObjectID=7518804261055369690
GameObject5538012753742997164.B_ObjectID_0=7518804261055369690
GameObject5538012753742997164.B_Type_0=RectangleBlock
GameObject5538012753742997164.Scale=668.000000 22.000000
GameObject5538012753742997164.Rotation=0.000000 0.000000
BoxRenderer8677801055241672278.imagePath=
GameObject5538012753742997164.Position=880.000000 709.000000
GameObject5538012753742997164.name=TerrainBlock
BoxRenderer5248146771272234818.imagePath=
BoxRenderer8677801055241672278.size=668.000000 22.000000
GameObject1268417768921805221.B_ObjectID_2=5248146771272234818
GameObject1268417768921805221.B_Type_2=BoxRenderer
GameObject1268417768921805221.B_ObjectID_1=6524489231755992340
GameObject1268417768921805221.B_Type_1=AABB
RectangleBlock14159838622367080080.ObjectID=14159838622367080080
GameObject1268417768921805221.B_Type_0=RectangleBlock
GameObject18318305656248444605.B_Type_0=RectangleBlock
GameObject18318305656248444605.Position=687.500000 386.000000
GameObject18318305656248444605.name=TerrainBlock
GameObject18318305656248444605.B_Count=3
Scene_RootCount=4
Root3_ID=5538012753742997164
BoxRenderer5248146771272234818.size=46.000000 345.000000
GameObject18318305656248444605.Rotation=0.000000 0.000000
BoxRenderer8677801055241672278.color=255 255 255 255
GameObject5538012753742997164.ObjectID=5538012753742997164
Root2_ID=1268417768921805221
GameObject5538012753742997164.B_Count=3
GameObject18318305656248444605.ObjectID=18318305656248444605
BoxRenderer13106612736799150820.size=357.000000 30.000000
GameObject18318305656248444605.Scale=357.000000 30.000000
GameObject18318305656248444605.B_ObjectID_0=13079978569948327510
GameObject1268417768921805221.ObjectID=1268417768921805221
AABB6524489231755992340.ObjectID=6524489231755992340
GameObject1268417768921805221.name=TerrainBlock
Root0_ID=9879516873130227792
BoxRenderer5248146771272234818.ObjectID=5248146771272234818
RectangleBlock13079978569948327510.ObjectID=13079978569948327510
GameObject18318305656248444605.B_Type_1=AABB
GameObject18318305656248444605.B_Type_2=BoxRenderer
GameObject18318305656248444605.B_ObjectID_1=170902244585205889
GameObject18318305656248444605.B_ObjectID_2=13106612736799150820
GameObject5538012753742997164.B_ObjectID_2=8677801055241672278
Root1_ID=18318305656248444605
BoxRenderer13106612736799150820.color=255 255 255 255
BoxRenderer13106612736799150820.imagePath=
BoxRenderer5248146771272234818.color=255 255 255 255
GameObject1268417768921805221.B_ObjectID_0=14159838622367080080
GameObject1268417768921805221.Position=1103.000000 282.500000
GameObject5538012753742997164.B_ObjectID_1=17398243038876363021
GameObject1268417768921805221.Rotation=0.000000 0.000000
GameObject5538012753742997164.B_Type_2=BoxRenderer
AABB170902244585205889.ObjectID=170902244585205889
BoxRenderer13106612736799150820.ObjectID=13106612736799150820
GameObject1268417768921805221.Scale=46.000000 345.000000
GameObject1268417768921805221.B_Count=3
