BoxRenderer13919342853884738851.size=100.000000 400.000000
BoxRenderer13919342853884738851.color=255 0 0 255
GameObject14115532232741139239.B_ObjectID_2=13919342853884738851
AABB17266556787427931133.ObjectID=17266556787427931133
GameObject14115532232741139239.B_Type_1=AABB
AABBTestClass16749691200080121085.ObjectID=16749691200080121085
GameObject14115532232741139239.B_ObjectID_0=16749691200080121085
GameObject14115532232741139239.B_Type_0=AABBTestClass
GameObject14115532232741139239.B_Count=3
GameObject4454565515009607142.B_Type_1=AABB
GameObject14115532232741139239.B_Type_2=BoxRenderer
GameObject4454565515009607142.B_Count=3
GameObject4454565515009607142.Position=1371.428589 540.000000
GameObject4454565515009607142.B_ObjectID_1=5856844623045862460
GameObject4454565515009607142.ObjectID=4454565515009607142
ColliderDebug928702790678538433.moveSpeed=250
GameObject4454565515009607142.name=TestDebug
GameObject2944326266129109002.B_ObjectID_0=7078677489592627458
ColliderDebug928702790678538433.ObjectID=928702790678538433
GameObject4454565515009607142.Scale=100.000000 100.000000
Scene_RootCount=5
GameObject2944326266129109002.Rotation=0.000000 0.000000
Root0_ID=2944326266129109002
BoxRenderer7078677489592627458.ObjectID=7078677489592627458
Root1_ID=4454565515009607142
Root2_ID=12503325357162381730
GameObject12503325357162381730.Rotation=0.000000 0.000000
GameObject2944326266129109002.Position=960.000000 540.000000
BoxRenderer13919342853884738851.ObjectID=13919342853884738851
GameObject2944326266129109002.B_Count=1
GameObject14115532232741139239.B_ObjectID_1=17266556787427931133
Root3_ID=3193958325253168002
GameObject4454565515009607142.B_Type_0=ColliderDebug
GameObject14115532232741139239.Rotation=0.000000 0.000000
GameObject2944326266129109002.Scale=6171.428711 5400.000000
GameObject2944326266129109002.ObjectID=2944326266129109002
GameObject2944326266129109002.name=Background
GameObject14115532232741139239.Scale=100.000000 400.000000
Root4_ID=14115532232741139239
GameObject3193958325253168002.Rotation=0.000000 0.000000
GameObject4454565515009607142.B_ObjectID_0=928702790678538433
GameObject3193958325253168002.B_ObjectID_0=12743397483425573647
GameObject4454565515009607142.Rotation=0.000000 0.000000
GameObject14115532232741139239.ObjectID=14115532232741139239
GameObject2944326266129109002.B_Type_0=BoxRenderer
GameObject12503325357162381730.ObjectID=12503325357162381730
GameObject3193958325253168002.Position=5000.000000 5000.000000
BoxRenderer7078677489592627458.color=255 255 255 255
GameObject4454565515009607142.B_Type_2=BoxRenderer
GameObject12503325357162381730.B_Type_0=SceneCamera
GameObject4454565515009607142.B_ObjectID_2=16135173342377362631
BoxRenderer16135173342377362631.ObjectID=16135173342377362631
GameObject12503325357162381730.B_Count=1
BoxRenderer16135173342377362631.color=0 255 255 255
SceneCamera14055468643581865962.ObjectID=14055468643581865962
BoxRenderer7078677489592627458.size=6171.428711 5400.000000
BoxRenderer16135173342377362631.size=100.000000 100.000000
GameObject3193958325253168002.B_Type_0=BoxRenderer
GameObject12503325357162381730.Position=0.000000 0.000000
GameObject12503325357162381730.Scale=1.000000 1.000000
GameObject3193958325253168002.name=CollisionDot
AABB5856844623045862460.ObjectID=5856844623045862460
GameObject12503325357162381730.B_ObjectID_0=14055468643581865962
BoxRenderer12743397483425573647.color=255 255 0 255
GameObject3193958325253168002.ObjectID=3193958325253168002
GameObject3193958325253168002.Scale=15.000000 15.000000
GameObject3193958325253168002.B_Count=1
GameObject12503325357162381730.name=CameraTest
BoxRenderer12743397483425573647.ObjectID=12743397483425573647
BoxRenderer12743397483425573647.size=15.000000 15.000000
GameObject14115532232741139239.name=BoxVBox
GameObject14115532232741139239.Position=1476.923096 540.000000
